'1':
  name: '1'
  world: skywars
  x: 252.33850578547833
  y: 140.0
  z: 42.02871555129547
  yaw: -65.44922
  pitch: 26.96702
