'2':
  name: '2'
  world: skywars
  x: 21.287841829968706
  y: 119.0
  z: -160.24096826783043
  yaw: -143.53378
  pitch: -2.0447855
