'3':
  name: '3'
  world: skywars
  x: -237.55717210877606
  y: 139.0
  z: -127.48335735282052
  yaw: 271.35092
  pitch: 19.755713
