'4':
  name: '4'
  world: skywars
  x: 31.50819879150918
  y: 140.0
  z: -384.5100677627219
  yaw: 178.9528
  pitch: 29.416273
