'5':
  name: '5'
  world: skywars
  x: -31.4799721300226
  y: 160.0
  z: -834.5453279432975
  yaw: 94.55748
  pitch: 29.243565
