'6':
  name: '6'
  world: skywars
  x: 23.466257011269064
  y: 150.0
  z: -1018.6383169341948
  yaw: 92.66437
  pitch: 46.375694
