jail:
  name: Jail
  world: world
  x: 281.52905590431845
  y: 65.0
  z: 155.5579033510142
  yaw: 181.45068
  pitch: 1.8720281
  item: 7
  lore: Prisão_dos_Hackers
