lobby:
  name: Lobby
  world: world
  x: 213.40749779356176
  y: 195.0
  z: 258.55934428199606
  yaw: -87.52287
  pitch: 1.2844892
