lobby:
  name: Lobby
  world: lobby
  x: -134.49084859911133
  y: 9.0
  z: -34.587407562953864
  yaw: -87.14789
  pitch: 1.2844888
