mlg:
  name: MLG
  world: skywars
  x: -299.41773421022293
  y: 73.0
  z: 31.49801231598376
  yaw: -269.46265
  pitch: 12.508061
