world: skywars
x: -473.60816272406305
y: 106.76339965263061
z: -102.59827098039332
yaw: -321.15753
pitch: 16.599596
